Contrastive Loss Hyperparameter Search Summary
================================================

Model: Causal Mamba (982K params, 7 layers, d_model=128, d_state=32)
Dataset: 4D subspace, 20D observations, 5 circles
Training: 200 epochs, seq_len=1024, stride=256, max_horizon=1
Metric: Mean silhouette score across intermediate layers 2–6 (UMAP 2D)

Search 1: λ ∈ {0.01, 0.05, 0.1, 0.5, 1.0} × τ ∈ {0.05, 0.07, 0.1, 0.2}
Search 2: λ ∈ {0.5, 1.0, 2.0} × τ ∈ {0.2, 0.3, 0.5, 1.0}
Total: 29 configurations evaluated


TOP 10 CONFIGURATIONS (sorted by Mean Sil L2–6)
-------------------------------------------------
Rank  λ      τ      Val MSE   Mean Sil   L2     L3     L4     L5     L6
  1   0.50   0.20   8.112     0.508      0.463  0.460  0.507  0.549  0.560
  2   1.00   0.30   8.115     0.507      0.410  0.494  0.543  0.534  0.553
  3   0.10   0.07   8.116     0.507      0.411  0.490  0.553  0.544  0.537
  4   0.10   0.05   8.118     0.489      0.386  0.495  0.547  0.535  0.482
  5   0.05   0.10   8.118     0.475      0.388  0.439  0.491  0.520  0.535
  6   0.10   0.10   8.114     0.468      0.335  0.482  0.535  0.484  0.505
  7   0.50   0.30   8.113     0.466      0.360  0.464  0.504  0.487  0.517
  8   0.05   0.05   8.119     0.465      0.363  0.433  0.515  0.501  0.513
  9   0.05   0.07   8.118     0.459      0.313  0.456  0.523  0.459  0.546
 10   0.05   0.20   8.120     0.451      0.317  0.429  0.501  0.488  0.521


ALL CONFIGURATIONS (sorted by Mean Sil L2–6)
----------------------------------------------
  λ      τ      Val MSE   Mean Sil   L1     L2     L3     L4     L5     L6     L7     Output
  0.50   0.20   8.112     0.508      0.354  0.463  0.460  0.507  0.549  0.560  0.544  0.153
  1.00   0.30   8.115     0.507      0.352  0.410  0.494  0.543  0.534  0.553  0.525  0.246
  0.10   0.07   8.116     0.507      0.190  0.411  0.490  0.553  0.544  0.537  0.447  0.116
  0.10   0.05   8.118     0.489      0.196  0.386  0.495  0.547  0.535  0.482  0.538  0.175
  0.05   0.10   8.118     0.475      0.018  0.388  0.439  0.491  0.520  0.535  0.543  0.217
  0.10   0.10   8.114     0.468      0.204  0.335  0.482  0.535  0.484  0.505  0.525  0.175
  0.50   0.30   8.113     0.466      0.219  0.360  0.464  0.504  0.487  0.517  0.517  0.171
  0.05   0.05   8.119     0.465      0.015  0.363  0.433  0.515  0.501  0.513  0.528  0.149
  0.05   0.07   8.118     0.459      0.012  0.313  0.456  0.523  0.459  0.546  0.493  0.257
  0.05   0.20   8.120     0.451      0.084  0.317  0.429  0.501  0.488  0.521  0.514  0.159
  1.00   0.50   8.118     0.447      0.160  0.327  0.460  0.491  0.490  0.468  0.475  0.146
  0.10   0.20   8.116     0.445      0.025  0.257  0.433  0.499  0.521  0.515  0.524  0.158
  1.00   0.20   8.117     0.431      0.375  0.394  0.451  0.438  0.397  0.473  0.457  0.138
  0.01   0.05   8.125     0.421      -0.014 0.281  0.385  0.468  0.471  0.501  0.526  0.119
  0.50   1.00   8.122     0.422      0.063  0.332  0.390  0.434  0.456  0.496  0.496  0.136
  0.01   0.10   8.125     0.421      -0.035 0.215  0.426  0.486  0.489  0.489  0.549  0.118
  1.00   0.20   8.118     0.418      0.329  0.382  0.378  0.403  0.477  0.450  0.498  0.201
  0.50   0.50   8.118     0.414      0.162  0.321  0.423  0.446  0.408  0.470  0.472  0.089
  0.01   0.20   8.125     0.412      -0.014 0.206  0.397  0.469  0.514  0.476  0.528  0.125
  0.01   0.07   8.124     0.411      -0.055 0.269  0.429  0.417  0.474  0.467  0.533  0.130
  1.00   1.00   8.123     0.402      0.105  0.270  0.394  0.451  0.441  0.454  0.426  0.142
  0.50   0.10   8.128     0.388      0.302  0.323  0.375  0.402  0.418  0.422  0.492  0.163
  2.00   0.20   8.133     0.364      0.381  0.341  0.346  0.319  0.369  0.447  0.453  0.167
  0.50   0.07   8.135     0.284      0.272  0.177  0.166  0.288  0.387  0.403  0.436  0.152
  0.50   0.05   8.140     0.237      0.168  0.163  0.130  0.254  0.297  0.343  0.423  0.119
  1.00   0.10   8.160     0.142      0.125  0.129  0.105  0.128  0.102  0.248  0.427  0.179
  1.00   0.07   8.161     0.009      0.097  0.018  -0.057 -0.048 0.014  0.120  0.282  0.145
  1.00   0.05   8.160     -0.006     0.120  -0.094 -0.021 -0.007 0.001  0.093  0.274  0.118


NON-CONTRASTIVE BASELINES
---------------------------
Method                    Epochs  Val MSE   Peak Sil (layer)
Slowness λ=1.0           1000    8.029     0.511 (L5)
Slowness λ=1.0            200    8.252     0.396 (L4)
Contrastive λ=0.5 τ=0.2  1000    7.912     0.444 (L6) — declined from 200ep


KEY FINDINGS
-------------
1. Best contrastive configs: λ ∈ [0.1, 1.0], τ ∈ [0.2, 0.3], all ~0.507 mean sil
2. Temperature is critical: low τ + high λ causes representation collapse
3. Val MSE nearly identical (~8.11–8.12) across non-collapsed configs
4. Longer training (1000ep) hurts sil scores — prediction loss dominates
5. Contrastive at 200ep outperforms slowness at 1000ep
6. Peak single-layer silhouette: 0.560 (Layer 6, λ=0.5, τ=0.2)
